  3 28 28 37.43 41.28 42.82 21984 0.00 0.00 0.00     0 37.01 41.02 42.67 11354     0 0.719
  3 28 28 37.52 41.29 42.85 21128 0.00 0.00 0.00     0 37.00 41.19 42.87  9104   800 1.068
  3 28 28 37.52 41.29 42.85 21128 0.00 0.00 0.00     0 37.00 41.19 42.87  9104   800 1.038
 30 28 28 37.52 41.29 42.85 21128 0.00 0.00 0.00     0 36.78 40.80 42.38  3977   901 3.355
  3 28 28 37.64 41.57 43.23 21392 0.00 0.00 0.00     0 36.14 41.06 42.66  9461  3496 0.259
  3 28 28 37.64 41.57 43.23 21392 0.00 0.00 0.00     0 36.11 41.12 42.67  9346  3324 0.226
 30 28 28 37.69 41.57 43.23 21592 0.00 0.00 0.00     0 36.22 40.89 42.42  3392  1573 0.344
 30 28 28 37.69 41.57 43.23 21592 0.00 0.00 0.00     0 36.04 40.93 42.48  3557  1704 0.404
 30 28 28 37.69 41.57 43.23 21592 0.00 0.00 0.00     0 36.10 40.93 42.61  3492  1667 0.378
 30 28 28 37.69 41.57 43.23 21592 0.00 0.00 0.00     0 36.10 40.93 42.61  3492  1667 0.376
 30 28 28 37.69 41.57 43.23 21592 0.00 0.00 0.00     0 36.17 40.89 42.54  3445  1604 4.000
 30 28 28 37.69 41.57 43.23 21592 0.00 0.00 0.00     0 36.08 40.86 42.59  3559  1698 0.412
 30 28 28 37.69 41.57 43.23 21592 0.00 0.00 0.00     0 36.10 40.93 42.61  3492  1667 0.375
 30 28 28 37.69 41.57 43.23 21592 0.00 0.00 0.00     0 36.22 40.89 42.42  3392  1573 0.339
 30 28 28 37.69 41.57 43.23 21592 0.00 0.00 0.00     0 36.08 40.86 42.59  3559  1698 0.419
 30 28 28 37.69 41.57 43.23 21592 0.00 0.00 0.00     0 36.04 40.93 42.48  3557  1704 0.409
 30 28 28 37.69 41.57 43.23 21592 0.00 0.00 0.00     0 36.04 40.93 42.48  3557  1704 0.399
 30 28 28 37.69 41.57 43.23 21592 0.00 0.00 0.00     0 36.08 40.86 42.59  3559  1698 0.396
 30 28 28 38.63 41.90 42.66 16200 0.00 0.00 0.00     0 38.45 41.65 42.55  1150   269 0.307
 30 28 28 35.96 45.21 46.10 27080 0.00 0.00 0.00     0 33.68 44.74 45.11  4327  1382 0.458
 30 28 28 38.63 41.90 42.66 16200 0.00 0.00 0.00     0 38.44 41.64 42.54  1148   267 0.318
 30 28 28 35.96 45.21 46.10 27080 0.00 0.00 0.00     0 33.71 44.83 45.00  4352  1386 0.433
 30 28 28 38.63 41.90 42.66 16200 0.00 0.00 0.00     0 38.44 41.63 42.53  1142   259 0.259
 30 28 28 35.96 45.21 46.10 27080 0.00 0.00 0.00     0 33.70 44.81 45.12  4284  1392 0.390
 30 28 28 37.69 41.57 43.23 21592 0.00 0.00 0.00     0 36.04 40.93 42.48  3557  1704 0.409
